kz_512=[10,15,20,25,30,35,40,50,60,70,80,90,100];
sigma_512=[0.42621,0.58207,0.67672,0.73771,0.77267,0.79068,0.79416,0.766,0.70162,0.60735,0.48611,0.33729,0.12793];
