kz=[1,1.2,1.4,1.6,1.8,2,2.2,2.4,2.6,2.8,3,3.2,3.4,3.6,3.8,4,4.2,4.4,4.6,4.8,5,5.2,5.4,5.6,5.8,6,6.2,6.4,6.6,6.8,7,7.2,7.4,7.6,7.8,8,8.2,8.4,8.6,8.8,9,9.2,9.4,9.5,9.6,9.7,9.8,9.9,10,10.2,10.4,10.6,10.8,11,11.2,11.4,11.6,11.8,12,12.2,12.4,12.6,12.8,13,13.2,13.4,13.6,13.8,14,15,16,17,18,19,20,21,22,23,24,25,26,27,28,29,30,35,40,45,50,55,60,65,70,75,80,85,90,95,100];
sigma=[0.27853,0.3876,0.45183,0.49944,0.53646,0.56532,0.58729,0.60316,0.61353,0.61886,0.61961,0.61622,0.60908,0.59857,0.58514,0.56938,0.55189,0.53318,0.51354,0.49302,0.47197,0.45262,0.43349,0.41487,0.39821,0.38413,0.37298,0.36478,0.35891,0.35412,0.34921,0.3437,0.33815,0.33393,0.33241,0.33409,0.33838,0.34411,0.35031,0.35647,0.36249,0.36848,0.3745,0.37754,0.3806,0.38369,0.38681,0.38995,0.39312,0.39956,0.40615,0.41292,0.41989,0.42703,0.43435,0.44182,0.44942,0.45713,0.46495,0.47284,0.4808,0.4888,0.49679,0.50475,0.5126,0.52029,0.52773,0.53483,0.54169,0.56706,0.57819,0.6371,0.64526,0.66028,0.6755,0.69013,0.70391,0.71671,0.72847,0.73922,0.74898,0.7578,0.76576,0.77289,0.77925,0.80096,0.80839,0.80354,0.78774,0.76208,0.72743,0.68452,0.63392,0.57607,0.51133,0.43999,0.36229,0.27841,0.18852];
