kz=[1.4,1.6,1.8,2,2.2,2.4,2.6,2.8,3,3.2,3.4,3.6,3.8,4,4.2,4.4,4.6,4.8,5,5.2,5.4,5.6,5.8,6,6.2,6.4,6.6,6.8,7,7.2,7.4,7.6,7.8,8,8.2,8.4,8.6,8.8,9,9.2,9.4,9.6,9.8,10,11,12,13,14,15,20,25,30,35,40,45,50];
sigma=[0.19446,0.37432,0.45157,0.49757,0.52936,0.55151,0.56612,0.57442,0.57729,0.57543,0.5695,0.56014,0.548,0.5338,0.51825,0.50212,0.4862,0.47122,0.45772,0.44605,0.43631,0.42848,0.42248,0.41816,0.41528,0.41351,0.41261,0.41238,0.41272,0.41358,0.41491,0.41666,0.41874,0.4211,0.42365,0.42633,0.42906,0.4318,0.43451,0.43715,0.43971,0.44217,0.44452,0.44676, 0.45586,0.46115,0.46253,0.4601,0.45403,0.37274,0.21469,-0.011265,-0.29889,-0.64426,-1.0452,-1.5004];

