kz=[1.4,1.6,1.8,2,2.2,2.4,2.6,2.8,3,3.2,3.4,3.6,3.8,4,4.2,4.4,4.6,4.8,5,5.2,5.4,5.6,5.8,6,6.2,6.4,6.6,6.8,7,7.2,7.4,7.6,7.8,8,8.2,8.4,8.6,8.8,9,9.2,9.4,9.6,9.8,10,11,12,13,14,15,20,25,30,35,40,45,50];
sigma=[0.012512,0.0127,0.012863,0.013099,0.013259,0.013461,0.013666,0.013806,0.013913,0.014042,0.014151,0.014264,0.01425,0.01421,0.014183,0.014051,0.013924,0.013904,0.013971,0.014256,0.014911,0.015818,0.016735,0.017521,0.018164,0.018579,0.018872,0.019075,0.019176,0.019221,0.019226,0.019179,0.019091,0.01897,0.018813,0.018621,0.018399,0.018147,0.017863,0.017549,0.01721,0.016829,0.016436,0.016003,0.013466,0.010309,0.0065536,0.0022413,-0.002603,-0.036791,-0.054345,-0.086313,-0.11637,-0.14294,-0.19483,-0.23648];


